60347	ID:24	CH,24,516,5,48599820,3,1
60385	ID:8	CL,8,642,3,16199709,6,1
60503	ID:11	CL,11,385,2,16199812,6,1
60548	ID:2	CW,2,325,4,32399888,5,1
60562	ID:6	CW,6,463,6,32399873,2,1
60639	ID:18	CH,18,670,3,48599906,6,1
60660	ID:4	CW,4,256,3,32399812,6,1
60713	ID:7	CW,7,278,9,32399863,3,1
60762	ID:14	CH,14,2355,13,48599845,2,1
60774	ID:15	CH,15,2023,12,48599804,2,1
60779	ID:25	CH,25,398,7,48599835,2,1
60784	ID:20	CH,20,324,6,48599895,2,1
60785	ID:16	CH,16,716,9,48599792,3,1
60868	ID:10	CL,10,490,5,16199855,4,1
60906	ID:12	CL,12,859,5,16199732,5,1
60974	ID:22	CH,22,716,8,48599910,2,1
61020	ID:9	CL,9,696,4,16199782,5,1
61027	ID:5	CW,5,492,2,32399866,6,1
61031	ID:19	CH,19,486,2,48599878,6,1
61120	ID:17	CH,17,442,7,48599919,2,1
61195	ID:13	CL,13,463,6,16199892,2,1
61211	ID:3	CW,3,742,6,32399924,2,1
61219	ID:21	CH,21,716,3,48599901,5,1
61257	ID:23	CH,23,288,2,48599875,6,1
66309	ID:1	S,1,0,1,32399895,8,21,1,1
75434	ID:1	S,1,0,1,32399878,8,9,1,2
76808	ID:1	S,1,0,1,32399876,8,6,1,3
77056	ID:1	S,1,0,1,32399876,8,25,1,4
120347	ID:24	CH,24,821,6,48599667,3,2
120385	ID:8	CL,8,804,4,16199528,6,2
120502	ID:11	CL,11,542,3,16199555,6,2
120548	ID:2	CW,2,310,4,32399713,5,2
120557	ID:1	S,1,0,1,32399824,8,11,2,5
120562	ID:6	CW,6,489,8,32399803,2,2
120638	ID:18	CH,18,726,3,48599750,6,2
120660	ID:4	CW,4,256,4,32399632,6,2
120713	ID:7	CW,7,319,9,32399804,3,2
120762	ID:14	CH,14,1954,11,48599617,2,2
120774	ID:15	CH,15,1937,11,48599663,2,2
120779	ID:25	CH,25,529,7,48599678,2,2
120784	ID:20	CH,20,702,8,48599756,2,2
120785	ID:16	CH,16,765,10,48599639,3,2
120868	ID:10	CL,10,463,5,16199642,4,2
120906	ID:12	CL,12,624,5,16199464,5,2
120974	ID:22	CH,22,777,9,48599821,2,2
121020	ID:9	CL,9,486,6,16199487,5,2
121031	ID:19	CH,19,639,3,48599717,6,2
121073	ID:5	CW,5,554,3,32399659,6,2
121120	ID:17	CH,17,489,8,48599819,2,2
121195	ID:13	CL,13,716,8,16199770,2,2
121211	ID:3	CW,3,1003,8,32399822,3,2
121218	ID:21	CH,21,614,3,48599734,5,2
121257	ID:23	CH,23,699,3,48599692,6,2
129932	ID:1	S,1,0,1,32399810,8,2,2,6
132181	ID:1	S,1,0,1,32399807,8,7,2,7
132683	ID:1	S,1,0,1,32399806,8,22,2,8
133180	ID:1	S,1,0,1,32399805,8,17,2,9
134681	ID:1	S,1,0,1,32399803,8,16,2,10
180347	ID:24	CH,24,667,6,48599592,3,3
180385	ID:8	CL,8,1074,5,16199394,6,3
180502	ID:11	CL,11,463,2,16199496,6,3
180548	ID:2	CW,2,330,4,32399658,5,3
180556	ID:1	S,1,0,1,32399772,8,11,3,11
180562	ID:6	CW,6,677,9,32399727,2,3
180638	ID:18	CH,18,740,3,48599555,6,3
180660	ID:4	CW,4,304,4,32399514,6,3
180713	ID:7	CW,7,307,10,32399694,3,3
180762	ID:14	CH,14,2068,12,48599502,2,3
180774	ID:15	CH,15,2055,12,48599545,2,3
180779	ID:25	CH,25,806,9,48599516,2,3
180784	ID:20	CH,20,463,8,48599625,2,3
180785	ID:16	CH,16,688,11,48599561,3,3
180868	ID:10	CL,10,661,6,16199438,5,3
180906	ID:12	CL,12,697,5,16199325,5,3
180980	ID:22	CH,22,720,9,48599728,2,3
181020	ID:9	CL,9,637,7,16199244,5,3
181027	ID:5	CW,5,598,3,32399525,6,3
181031	ID:19	CH,19,850,4,48599599,6,3
181121	ID:17	CH,17,567,9,48599700,2,3
181195	ID:13	CL,13,886,9,16199630,2,3
181211	ID:3	CW,3,1119,8,32399733,3,3
181219	ID:21	CH,21,751,3,48599625,5,3
181257	ID:23	CH,23,898,4,48599577,6,3
184431	ID:1	S,1,0,1,32399766,8,5,3,12
184683	ID:1	S,1,0,1,32399765,8,6,3,13
185307	ID:1	S,1,0,1,32399764,8,18,3,14
185432	ID:1	S,1,0,1,32399764,8,25,3,15
186184	ID:1	S,1,0,1,32399763,8,19,3,16
188684	ID:1	S,1,0,1,32399759,8,10,3,17
189557	ID:1	S,1,0,1,32399758,8,2,3,18
240347	ID:24	CH,24,646,5,48599514,3,4
240385	ID:8	CL,8,273,4,16199208,6,4
240502	ID:11	CL,11,371,2,16199355,6,4
240548	ID:2	CW,2,419,4,32399566,5,4
240556	ID:1	S,1,0,1,32399708,8,11,4,19
240562	ID:6	CW,6,660,8,32399689,2,4
240638	ID:18	CH,18,719,3,48599450,6,4
240660	ID:4	CW,4,505,4,32399377,6,4
240713	ID:7	CW,7,2145,10,32399562,3,4
240762	ID:14	CH,14,1815,11,48599385,2,4
240774	ID:15	CH,15,1920,12,48599473,2,4
240779	ID:25	CH,25,802,9,48599407,2,4
240784	ID:20	CH,20,724,9,48599519,2,4
240785	ID:16	CH,16,1862,11,48599448,3,4
240868	ID:10	CL,10,544,6,16199337,5,4
240906	ID:12	CL,12,739,6,16199175,5,4
240974	ID:22	CH,22,764,9,48599583,2,4
241020	ID:9	CL,9,705,5,16198999,5,4
241027	ID:5	CW,5,571,3,32399403,6,4
241031	ID:19	CH,19,949,4,48599441,6,4
241120	ID:17	CH,17,743,9,48599492,2,4
241195	ID:13	CL,13,922,9,16199490,2,4
241211	ID:3	CW,3,882,8,32399630,3,4
241219	ID:21	CH,21,643,3,48599381,6,4
241257	ID:23	CH,23,256,3,48599451,6,4
242181	ID:1	S,1,0,1,32399706,8,18,4,20
247058	ID:1	S,1,0,1,32399698,8,5,4,21
247183	ID:1	S,1,0,1,32399698,8,19,4,22
248805	ID:1	S,1,0,1,32399696,8,14,4,23
249182	ID:1	S,1,0,1,32399695,8,23,4,24
300347	ID:24	CH,24,802,6,48599430,3,5
300385	ID:8	CL,8,476,5,16199110,6,5
300502	ID:11	CL,11,393,2,16199211,6,5
300548	ID:2	CW,2,762,5,32399448,5,5
300562	ID:6	CW,6,850,9,32399628,2,5
300639	ID:18	CH,18,821,4,48599332,6,5
300660	ID:4	CW,4,256,3,32399289,6,5
300713	ID:7	CW,7,1993,10,32399483,3,5
300762	ID:14	CH,14,1761,12,48599294,2,5
300774	ID:15	CH,15,1649,12,48599403,2,5
300779	ID:25	CH,25,862,9,48599301,2,5
300784	ID:20	CH,20,841,10,48599433,2,5
300785	ID:16	CH,16,1789,10,48599352,3,5
300868	ID:10	CL,10,696,7,16199248,5,5
300906	ID:12	CL,12,697,6,16198988,5,5
300975	ID:22	CH,22,812,8,48599479,2,5
301020	ID:9	CL,9,652,4,16198849,5,5
301027	ID:5	CW,5,590,3,32399307,6,5
301031	ID:19	CH,19,766,3,48599362,6,5
301121	ID:17	CH,17,742,8,48599394,2,5
301195	ID:13	CL,13,778,9,16199390,2,5
301211	ID:3	CW,3,969,8,32399562,3,5
301219	ID:21	CH,21,776,4,48599300,6,5
301257	ID:23	CH,23,488,4,48599335,6,5
303806	ID:1	S,1,0,1,32399655,8,24,5,25
306806	ID:1	S,1,0,1,32399650,8,12,5,26
306819	ID:1	S,1,0,1,32399650,8,5,5,27
307433	ID:1	S,1,0,1,32399649,8,2,5,28
307683	ID:1	S,1,0,1,32399649,8,14,5,29
308056	ID:1	S,1,0,1,32399649,8,16,5,30
309557	ID:1	S,1,0,1,32399648,8,11,5,31
309806	ID:1	S,1,0,1,32399648,8,22,5,32
310055	ID:1	S,1,0,1,32399648,8,17,5,33
360347	ID:24	CH,24,676,6,48599380,3,6
360385	ID:8	CL,8,875,4,16198987,6,6
360515	ID:11	CL,11,386,2,16199100,6,6
360548	ID:2	CW,2,834,6,32399363,5,6
360562	ID:6	CW,6,944,9,32399570,2,6
360638	ID:18	CH,18,997,4,48599227,6,6
360660	ID:4	CW,4,623,4,32399206,6,6
360762	ID:14	CH,14,1712,12,48599225,2,6
360774	ID:15	CH,15,1740,12,48599327,2,6
360779	ID:25	CH,25,1031,10,48599227,2,6
360784	ID:20	CH,20,1012,11,48599360,2,6
360785	ID:16	CH,16,1738,10,48599279,3,6
360822	ID:7	CW,7,2049,10,32399419,3,6
360868	ID:10	CL,10,754,7,16199173,5,6
360906	ID:12	CL,12,912,7,16198865,5,6
360974	ID:22	CH,22,751,8,48599426,2,6
361031	ID:19	CH,19,758,3,48599267,6,6
361120	ID:17	CH,17,770,8,48599296,2,6
361149	ID:9	CL,9,714,5,16198706,5,6
361156	ID:5	CW,5,589,3,32399233,6,6
361195	ID:13	CL,13,828,9,16199311,2,6
361211	ID:3	CW,3,890,7,32399483,3,6
361219	ID:21	CH,21,1028,5,48599178,6,6
361257	ID:23	CH,23,256,4,48599240,6,6
361431	ID:1	S,1,0,1,32399615,8,24,6,34
366308	ID:1	S,1,0,1,32399608,8,2,6,35
367559	ID:1	S,1,0,1,32399605,8,10,6,36
371057	ID:1	S,1,0,1,32399596,8,15,6,37
371180	ID:1	S,1,0,1,32399596,8,11,6,38
372431	ID:1	S,1,0,1,32399593,8,9,6,39
420347	ID:24	CH,24,721,6,48599294,3,7
420385	ID:8	CL,8,939,4,16198839,6,7
420502	ID:11	CL,11,517,3,16198943,6,7
420548	ID:2	CW,2,423,5,32399197,5,7
420556	ID:1	S,1,0,1,32399556,8,11,7,40
420562	ID:6	CW,6,1105,10,32399512,2,7
420660	ID:4	CW,4,760,5,32399111,6,7
420713	ID:7	CW,7,643,10,32399347,3,7
420762	ID:14	CH,14,1503,11,48599136,2,7
420774	ID:15	CH,15,1446,11,48599246,2,7
420775	ID:18	CH,18,683,3,48599051,6,7
420779	ID:25	CH,25,1183,11,48599158,2,7
420784	ID:20	CH,20,573,11,48599230,2,7
420785	ID:16	CH,16,706,10,48599148,3,7
420868	ID:10	CL,10,660,7,16199067,5,7
420906	ID:12	CL,12,1019,7,16198762,5,7
420974	ID:22	CH,22,656,8,48599388,2,7
421020	ID:9	CL,9,881,6,16198578,5,7
421027	ID:5	CW,5,597,3,32399108,6,7
421031	ID:19	CH,19,792,4,48599119,6,7
421120	ID:17	CH,17,671,7,48599254,2,7
421195	ID:13	CL,13,859,9,16199214,2,7
421211	ID:3	CW,3,798,8,32399406,3,7
421219	ID:21	CH,21,256,4,48599000,6,7
421257	ID:23	CH,23,910,4,48599083,6,7
424434	ID:1	S,1,0,1,32399549,8,24,7,41
426432	ID:1	S,1,0,1,32399546,8,16,7,42
429308	ID:1	S,1,0,1,32399541,8,20,7,43
429433	ID:1	S,1,0,1,32399541,8,12,7,44
429446	ID:1	S,1,0,1,32399541,8,5,7,45
431307	ID:1	S,1,0,1,32399538,8,13,7,46
431933	ID:1	S,1,0,1,32399537,8,7,7,47
432683	ID:1	S,1,0,1,32399536,8,10,7,48
480346	ID:24	CH,24,717,6,48599207,3,8
480385	ID:8	CL,8,1009,4,16198720,6,8
480502	ID:11	CL,11,444,2,16198833,6,8
480548	ID:2	CW,2,406,5,32399128,5,8
480562	ID:6	CW,6,1250,11,32399436,2,8
480638	ID:18	CH,18,810,4,48598912,6,8
480660	ID:4	CW,4,735,5,32399058,6,8
480713	ID:7	CW,7,1625,9,32399266,3,8
480762	ID:14	CH,14,1558,11,48599018,2,8
480774	ID:15	CH,15,1355,10,48599155,2,8
480779	ID:25	CH,25,1320,11,48599083,2,8
480784	ID:20	CH,20,643,11,48599160,2,8
480785	ID:16	CH,16,1687,11,48599010,3,8
480868	ID:10	CL,10,570,6,16198925,5,8
480906	ID:12	CL,12,1103,7,16198665,5,8
480975	ID:22	CH,22,768,10,48599264,2,8
481020	ID:9	CL,9,781,6,16198417,5,8
481027	ID:5	CW,5,646,3,32398955,6,8
481031	ID:19	CH,19,896,4,48599040,6,8
481121	ID:17	CH,17,759,10,48599146,2,8
481195	ID:13	CL,13,875,9,16199154,2,8
481211	ID:3	CW,3,837,8,32399339,3,8
481219	ID:21	CH,21,665,3,48598786,6,8
481257	ID:23	CH,23,1075,5,48598995,6,8
483683	ID:1	S,1,0,1,32399498,8,18,8,49
485056	ID:1	S,1,0,1,32399497,8,5,8,50
485181	ID:1	S,1,0,1,32399497,8,19,8,51
486056	ID:1	S,1,0,1,32399496,8,21,8,52
486306	ID:1	S,1,0,1,32399496,8,12,8,53
488933	ID:1	S,1,0,1,32399491,8,10,8,54
489683	ID:1	S,1,0,1,32399489,8,3,8,55
490058	ID:1	S,1,0,1,32399489,8,17,8,56
540347	ID:24	CH,24,628,5,48599164,3,9
540385	ID:8	CL,8,1150,5,16198607,6,9
540502	ID:11	CL,11,509,2,16198695,6,9
540548	ID:2	CW,2,585,5,32399015,5,9
540557	ID:1	S,1,0,1,32399452,8,11,9,57
540562	ID:6	CW,6,1381,11,32399380,2,9
540638	ID:18	CH,18,887,4,48598803,6,9
540660	ID:4	CW,4,1009,4,32398965,6,9
540713	ID:7	CW,7,1320,7,32399187,3,9
540762	ID:14	CH,14,1390,11,48598928,2,9
540774	ID:15	CH,15,1138,10,48599060,2,9
540779	ID:25	CH,25,510,10,48598945,2,9
540784	ID:20	CH,20,986,10,48599036,2,9
540785	ID:16	CH,16,1774,11,48598921,3,9
540868	ID:10	CL,10,590,6,16198819,5,9
540906	ID:12	CL,12,981,7,16198555,5,9
540975	ID:22	CH,22,301,10,48599164,2,9
541020	ID:9	CL,9,790,6,16198276,5,9
541027	ID:5	CW,5,632,3,32398849,6,9
541031	ID:19	CH,19,615,3,48598945,6,9
541121	ID:17	CH,17,832,10,48599039,2,9
541195	ID:13	CL,13,964,9,16199077,2,9
541211	ID:3	CW,3,1048,9,32399245,3,9
541219	ID:21	CH,21,660,3,48598669,6,9
541257	ID:23	CH,23,256,4,48598898,6,9
543181	ID:1	S,1,0,1,32399448,8,4,9,58
546054	ID:1	S,1,0,1,32399444,8,16,9,59
547182	ID:1	S,1,0,1,32399443,8,8,9,60
547808	ID:1	S,1,0,1,32399442,8,14,9,61
547821	ID:1	S,1,0,1,32399442,8,15,9,62
547932	ID:1	S,1,0,1,32399442,8,10,9,63
548808	ID:1	S,1,0,1,32399442,8,5,9,64
549057	ID:1	S,1,0,1,32399442,8,13,9,65
549308	ID:1	S,1,0,1,32399442,8,23,9,66
550056	ID:1	S,1,0,1,32399441,8,6,9,67
600347	ID:24	CH,24,628,5,48599079,3,10
600385	ID:8	CL,8,1163,5,16198532,6,10
600503	ID:11	CL,11,539,3,16198601,6,10
600548	ID:2	CW,2,636,6,32398918,5,10
600556	ID:1	S,1,0,1,32399412,8,11,0,68
600562	ID:6	CW,6,1345,11,32399304,2,10
600639	ID:18	CH,18,924,4,48598714,6,10
600660	ID:4	CW,4,1010,4,32398901,6,10
600713	ID:7	CW,7,1308,7,32399091,3,10
600762	ID:14	CH,14,1266,11,48598860,2,10
600774	ID:15	CH,15,1062,10,48598990,2,10
600779	ID:25	CH,25,669,10,48598847,2,10
600784	ID:20	CH,20,1143,11,48598963,2,10
600785	ID:16	CH,16,1699,11,48598859,3,10
600868	ID:10	CL,10,633,6,16198753,5,10
600906	ID:12	CL,12,1101,7,16198457,5,10
600975	ID:22	CH,22,758,10,48599064,2,10
601020	ID:9	CL,9,935,7,16198161,5,10
601027	ID:5	CW,5,616,3,32398731,6,10
601031	ID:19	CH,19,617,3,48598855,6,10
601121	ID:17	CH,17,800,10,48598981,2,10
601195	ID:13	CL,13,944,9,16199020,2,10
601211	ID:3	CW,3,1335,10,32399158,3,10
601219	ID:21	CH,21,841,4,48598571,6,10
601257	ID:23	CH,23,353,4,48598805,6,10
604684	ID:1	S,1,0,1,32399406,8,18,0,69
605181	ID:1	S,1,0,1,32399406,8,4,0,70
605555	ID:1	S,1,0,1,32399406,8,3,0,71
605934	ID:1	S,1,0,1,32399406,8,10,0,72
606681	ID:1	S,1,0,1,32399405,8,5,0,73
606931	ID:1	S,1,0,1,32399404,8,6,0,74
606944	ID:1	S,1,0,1,32399404,8,12,0,75
607307	ID:1	S,1,0,1,32399404,8,25,0,76
660347	ID:24	CH,24,618,5,48599010,3,11
660385	ID:8	CL,8,256,4,16198415,6,11
660503	ID:11	CL,11,527,3,16198485,6,11
660548	ID:2	CW,2,904,7,32398796,5,11
660556	ID:1	S,1,0,1,32399369,8,11,1,77
660562	ID:6	CW,6,1183,10,32399254,2,11
660639	ID:18	CH,18,959,4,48598644,6,11
660661	ID:4	CW,4,1011,4,32398841,6,11
660713	ID:7	CW,7,1136,7,32399006,3,11
660762	ID:14	CH,14,1281,12,48598780,2,11
660774	ID:15	CH,15,1025,11,48598905,2,11
660779	ID:25	CH,25,730,11,48598777,2,11
660784	ID:20	CH,20,1284,12,48598890,2,11
660785	ID:16	CH,16,1785,11,48598785,3,11
660868	ID:10	CL,10,672,6,16198673,5,11
660906	ID:12	CL,12,1093,7,16198392,5,11
660975	ID:22	CH,22,452,9,48598961,2,11
661020	ID:9	CL,9,959,7,16198047,5,11
661027	ID:5	CW,5,636,3,32398650,6,11
661031	ID:19	CH,19,582,3,48598770,6,11
661121	ID:17	CH,17,904,10,48598903,2,11
661196	ID:13	CL,13,1105,10,16198953,2,11
661216	ID:3	CW,3,1103,9,32399091,3,11
661219	ID:21	CH,21,962,4,48598477,6,11
661257	ID:23	CH,23,573,5,48598719,6,11
664684	ID:1	S,1,0,1,32399362,8,24,1,78
666556	ID:1	S,1,0,1,32399358,8,22,1,79
666805	ID:1	S,1,0,1,32399358,8,21,1,80
667306	ID:1	S,1,0,1,32399357,8,15,1,81
667556	ID:1	S,1,0,1,32399357,8,5,1,82
668181	ID:1	S,1,0,1,32399356,8,12,1,83
668806	ID:1	S,1,0,1,32399355,8,20,1,84
669556	ID:1	S,1,0,1,32399354,8,6,1,85
720347	ID:24	CH,24,635,5,48598923,3,12
720385	ID:8	CL,8,809,4,16198273,6,12
720503	ID:11	CL,11,665,3,16198379,6,12
720548	ID:2	CW,2,478,6,32398684,5,12
720556	ID:1	S,1,0,1,32399322,8,11,2,86
720562	ID:6	CW,6,1167,10,32399205,2,12
720660	ID:4	CW,4,1165,5,32398770,6,12
720713	ID:7	CW,7,1083,7,32398938,3,12
720762	ID:14	CH,14,1292,12,48598706,2,12
720771	ID:18	CH,18,821,4,48598542,6,12
720774	ID:15	CH,15,970,10,48598834,2,12
720779	ID:25	CH,25,847,10,48598694,2,12
720784	ID:20	CH,20,1283,12,48598818,2,12
720785	ID:16	CH,16,1862,12,48598714,3,12
720869	ID:10	CL,10,744,7,16198585,5,12
720906	ID:12	CL,12,1034,7,16198340,5,12
720975	ID:22	CH,22,458,9,48598910,2,12
721021	ID:9	CL,9,1021,7,16197937,5,12
721027	ID:5	CW,5,537,3,32398547,6,12
721031	ID:19	CH,19,679,3,48598684,6,12
721121	ID:17	CH,17,916,10,48598798,2,12
721195	ID:13	CL,13,989,9,16198893,2,12
721211	ID:3	CW,3,1020,8,32398973,3,12
721219	ID:21	CH,21,901,4,48598371,6,12
721257	ID:23	CH,23,1090,5,48598591,6,12
725808	ID:1	S,1,0,1,32399313,8,8,2,87
726308	ID:1	S,1,0,1,32399312,8,4,2,88
726429	ID:1	S,1,0,1,32399312,8,12,2,89
726442	ID:1	S,1,0,1,32399312,8,5,2,90
726555	ID:1	S,1,0,1,32399312,8,23,2,91
726806	ID:1	S,1,0,1,32399312,8,18,2,92
726931	ID:1	S,1,0,1,32399312,8,9,2,93
727058	ID:1	S,1,0,1,32399312,8,16,2,94
727309	ID:1	S,1,0,1,32399311,8,6,2,95
727334	ID:1	S,1,0,1,32399310,8,3,2,96
727933	ID:1	S,1,0,1,32399309,8,25,2,97
728055	ID:1	S,1,0,1,32399309,8,14,2,98
729431	ID:1	S,1,0,1,32399307,8,22,2,99
780347	ID:24	CH,24,665,5,48598853,3,13
780385	ID:8	CL,8,672,3,16198160,6,13
780503	ID:11	CL,11,553,3,16198285,6,13
780548	ID:2	CW,2,536,6,32398596,5,13
780556	ID:1	S,1,0,1,32399277,8,11,3,100
780562	ID:6	CW,6,1075,10,32399168,2,13
780660	ID:4	CW,4,1176,5,32398704,6,13
780713	ID:7	CW,7,1174,7,32398839,3,13
780762	ID:14	CH,14,1265,11,48598644,2,13
780771	ID:18	CH,18,818,4,48598418,6,13
780774	ID:15	CH,15,1067,10,48598750,2,13
780779	ID:25	CH,25,803,10,48598627,2,13
780784	ID:20	CH,20,670,11,48598717,2,13
780785	ID:16	CH,16,1752,11,48598661,3,13
780868	ID:10	CL,10,898,7,16198441,5,13
780906	ID:12	CL,12,1007,7,16198273,5,13
780975	ID:22	CH,22,540,9,48598836,2,13
781020	ID:9	CL,9,995,7,16197884,5,13
781027	ID:5	CW,5,665,3,32398439,6,13
781031	ID:19	CH,19,826,4,48598568,6,13
781121	ID:17	CH,17,1080,11,48598732,2,13
781196	ID:13	CL,13,1146,10,16198827,2,13
781211	ID:3	CW,3,945,7,32398904,3,13
781219	ID:21	CH,21,934,4,48598264,6,13
781257	ID:23	CH,23,1109,5,48598504,6,13
782183	ID:1	S,1,0,1,32399274,8,24,3,101
782933	ID:1	S,1,0,1,32399273,8,21,3,102
783432	ID:1	S,1,0,1,32399272,8,5,3,103
783557	ID:1	S,1,0,1,32399272,8,2,3,104
785806	ID:1	S,1,0,1,32399268,8,4,3,105
787684	ID:1	S,1,0,1,32399265,8,13,3,106
787809	ID:1	S,1,0,1,32399265,8,10,3,107
787931	ID:1	S,1,0,1,32399265,8,15,3,108
788059	ID:1	S,1,0,1,32399265,8,20,3,109
840347	ID:24	CH,24,700,6,48598761,3,14
840385	ID:8	CL,8,707,3,16198037,6,14
840503	ID:11	CL,11,496,2,16198239,6,14
840548	ID:2	CW,2,459,6,32398537,5,14
840557	ID:1	S,1,0,1,32399234,8,11,4,110
840562	ID:6	CW,6,993,9,32399132,2,14
840661	ID:4	CW,4,1186,5,32398617,6,14
840713	ID:7	CW,7,1436,8,32398747,3,14
840762	ID:14	CH,14,1280,11,48598574,2,14
840771	ID:18	CH,18,830,4,48598292,6,14
840774	ID:15	CH,15,958,10,48598685,2,14
840779	ID:25	CH,25,978,11,48598560,2,14
840784	ID:20	CH,20,679,11,48598656,2,14
840785	ID:16	CH,16,1832,11,48598575,3,14
840868	ID:10	CL,10,806,7,16198350,5,14
840906	ID:12	CL,12,1162,8,16198196,5,14
840975	ID:22	CH,22,588,9,48598776,2,14
841021	ID:9	CL,9,1061,7,16197795,5,14
841031	ID:19	CH,19,999,4,48598489,6,14
841096	ID:5	CW,5,814,4,32398337,6,14
841121	ID:17	CH,17,1228,11,48598656,2,14
841196	ID:13	CL,13,1108,10,16198775,2,14
841211	ID:3	CW,3,1036,8,32398812,3,14
841219	ID:21	CH,21,837,4,48598186,6,14
841258	ID:23	CH,23,1254,5,48598425,6,14
843681	ID:1	S,1,0,1,32399229,8,19,4,111
844808	ID:1	S,1,0,1,32399227,8,2,4,112
845308	ID:1	S,1,0,1,32399226,8,18,4,113
845683	ID:1	S,1,0,1,32399225,8,15,4,114
846058	ID:1	S,1,0,1,32399224,8,21,4,115
846308	ID:1	S,1,0,1,32399224,8,7,4,116
847556	ID:1	S,1,0,1,32399223,8,22,4,117
847805	ID:1	S,1,0,1,32399223,8,3,4,118
848058	ID:1	S,1,0,1,32399223,8,10,4,119
848308	ID:1	S,1,0,1,32399223,8,20,4,120
848434	ID:1	S,1,0,1,32399223,8,13,4,121
848933	ID:1	S,1,0,1,32399222,8,12,4,122
900347	ID:24	CH,24,685,6,48598664,3,15
900385	ID:8	CL,8,612,3,16197891,6,15
900503	ID:11	CL,11,474,2,16198152,6,15
900548	ID:2	CW,2,409,6,32398472,5,15
900557	ID:1	S,1,0,1,32399192,8,11,5,123
900562	ID:6	CW,6,852,10,32399091,2,15
900660	ID:4	CW,4,1323,6,32398552,6,15
900714	ID:7	CW,7,1239,7,32398668,3,15
900762	ID:14	CH,14,1292,11,48598505,2,15
900771	ID:18	CH,18,629,3,48598201,6,15
900774	ID:15	CH,15,916,10,48598618,2,15
900779	ID:25	CH,25,931,11,48598463,2,15
900784	ID:20	CH,20,584,10,48598592,2,15
900785	ID:16	CH,16,1739,10,48598498,3,15
900868	ID:10	CL,10,793,6,16198269,5,15
900906	ID:12	CL,12,1081,8,16198117,5,15
900975	ID:22	CH,22,619,10,48598683,2,15
901020	ID:9	CL,9,1210,7,16197714,5,15
901031	ID:19	CH,19,975,4,48598427,6,15
901033	ID:5	CW,5,798,4,32398228,6,15
901121	ID:17	CH,17,1361,12,48598588,2,15
901196	ID:13	CL,13,650,10,16198712,2,15
901211	ID:3	CW,3,806,6,32398725,3,15
901219	ID:21	CH,21,855,4,48598119,6,15
901258	ID:23	CH,23,1384,6,48598348,6,15
901682	ID:1	S,1,0,1,32399190,8,23,5,124
903431	ID:1	S,1,0,1,32399188,8,4,5,125
905182	ID:1	S,1,0,1,32399185,8,9,5,126
906184	ID:1	S,1,0,1,32399184,8,21,5,127
906807	ID:1	S,1,0,1,32399183,8,17,5,128
906934	ID:1	S,1,0,1,32399183,8,5,5,129
907307	ID:1	S,1,0,1,32399182,8,25,5,130
908180	ID:1	S,1,0,1,32399181,8,13,5,131
908306	ID:1	S,1,0,1,32399181,8,10,5,132
908558	ID:1	S,1,0,1,32399181,8,3,5,133
909309	ID:1	S,1,0,1,32399180,8,18,5,134
909558	ID:1	S,1,0,1,32399180,8,16,5,135
909683	ID:1	S,1,0,1,32399180,8,20,5,136
909808	ID:1	S,1,0,1,32399180,8,14,5,137
910557	ID:1	S,1,0,1,32399180,8,15,5,138
960347	ID:24	CH,24,723,7,48598586,3,16
960385	ID:8	CL,8,768,4,16197744,6,16
960503	ID:11	CL,11,409,2,16198059,6,16
960548	ID:2	CW,2,509,5,32398379,5,16
960556	ID:1	S,1,0,1,32399149,8,11,6,139
960562	ID:6	CW,6,792,10,32399057,2,16
960660	ID:4	CW,4,1267,5,32398471,6,16
960714	ID:7	CW,7,1130,7,32398577,3,16
960762	ID:14	CH,14,1186,11,48598425,2,16
960771	ID:18	CH,18,555,3,48598094,6,16
960774	ID:15	CH,15,952,10,48598550,2,16
960779	ID:25	CH,25,940,11,48598405,2,16
960784	ID:20	CH,20,576,10,48598547,2,16
960785	ID:16	CH,16,1667,9,48598436,3,16
960868	ID:10	CL,10,790,6,16198212,5,16
960906	ID:12	CL,12,1066,8,16198017,5,16
960975	ID:22	CH,22,636,10,48598574,2,16
961020	ID:9	CL,9,1036,7,16197630,5,16
961027	ID:5	CW,5,823,4,32398134,6,16
961031	ID:19	CH,19,256,4,48598285,6,16
961121	ID:17	CH,17,1352,12,48598479,2,16
961196	ID:13	CL,13,814,10,16198619,2,16
961211	ID:3	CW,3,844,7,32398650,3,16
961219	ID:21	CH,21,897,4,48598042,6,16
961257	ID:23	CH,23,1271,5,48598306,6,16
962933	ID:1	S,1,0,1,32399146,8,21,6,140
963681	ID:1	S,1,0,1,32399145,8,4,6,141
964432	ID:1	S,1,0,1,32399144,8,12,6,142
965684	ID:1	S,1,0,1,32399140,8,8,6,143
965808	ID:1	S,1,0,1,32399140,8,18,6,144
965933	ID:1	S,1,0,1,32399140,8,3,6,145
966058	ID:1	S,1,0,1,32399140,8,25,6,146
966558	ID:1	S,1,0,1,32399139,8,16,6,147
967433	ID:1	S,1,0,1,32399138,8,13,6,148
967932	ID:1	S,1,0,1,32399137,8,19,6,149
967944	ID:1	S,1,0,1,32399137,8,14,6,150
968432	ID:1	S,1,0,1,32399137,8,20,6,151
968681	ID:1	S,1,0,1,32399137,8,9,6,152
968933	ID:1	S,1,0,1,32399137,8,22,6,153
1020347	ID:24	CH,24,794,7,48598491,3,17
1020385	ID:8	CL,8,715,3,16197643,6,17
1020503	ID:11	CL,11,434,2,16197945,6,17
1020548	ID:2	CW,2,681,5,32398286,5,17
1020557	ID:1	S,1,0,1,32399108,8,11,7,154
1020562	ID:6	CW,6,738,9,32399014,2,17
1020660	ID:4	CW,4,1217,5,32398415,6,17
1020714	ID:7	CW,7,1058,6,32398490,3,17
1020762	ID:14	CH,14,1169,11,48598370,2,17
1020771	ID:18	CH,18,643,3,48597960,6,17
1020774	ID:15	CH,15,865,9,48598496,2,17
1020779	ID:25	CH,25,855,10,48598355,2,17
1020784	ID:20	CH,20,620,10,48598490,2,17
1020785	ID:16	CH,16,1602,9,48598368,3,17
1020868	ID:10	CL,10,967,7,16198134,5,17
1020906	ID:12	CL,12,912,7,16197968,5,17
1020975	ID:22	CH,22,657,9,48598495,2,17
1021020	ID:9	CL,9,882,6,16197520,5,17
1021027	ID:5	CW,5,927,4,32398033,6,17
1021031	ID:19	CH,19,332,4,48598205,6,17
1021121	ID:17	CH,17,1350,12,48598398,2,17
1021196	ID:13	CL,13,799,10,16198545,2,17
1021211	ID:3	CW,3,859,7,32398568,3,17
1021219	ID:21	CH,21,858,4,48597985,6,17
1021257	ID:23	CH,23,1399,6,48598225,6,17
1022931	ID:1	S,1,0,1,32399104,8,4,7,155
1024434	ID:1	S,1,0,1,32399101,8,7,7,156
1024806	ID:1	S,1,0,1,32399101,8,5,7,157
1025056	ID:1	S,1,0,1,32399101,8,18,7,158
1026557	ID:1	S,1,0,1,32399098,8,12,7,159
1027056	ID:1	S,1,0,1,32399097,8,22,7,160
1027182	ID:1	S,1,0,1,32399097,8,20,7,161
1027808	ID:1	S,1,0,1,32399096,8,13,7,162
1080385	ID:8	CL,8,744,3,16197539,6,18
1080390	ID:24	CH,24,864,7,48598382,3,18
1080503	ID:11	CL,11,454,2,16197837,6,18
1080548	ID:2	CW,2,638,5,32398245,5,18
1080557	ID:1	S,1,0,1,32399064,8,11,8,163
1080562	ID:6	CW,6,689,9,32398978,2,18
1080661	ID:4	CW,4,1172,5,32398354,6,18
1080713	ID:7	CW,7,1182,7,32398417,3,18
1080762	ID:14	CH,14,1308,11,48598297,2,18
1080771	ID:18	CH,18,724,3,48597840,6,18
1080774	ID:15	CH,15,1034,9,48598430,2,18
1080779	ID:25	CH,25,897,11,48598287,2,18
1080784	ID:20	CH,20,643,10,48598421,2,18
1080785	ID:16	CH,16,1697,9,48598296,3,18
1080869	ID:10	CL,10,1126,8,16198025,5,18
1080906	ID:12	CL,12,923,7,16197896,5,18
1080975	ID:22	CH,22,719,9,48598419,2,18
1081020	ID:9	CL,9,1020,7,16197429,5,18
1081027	ID:5	CW,5,862,4,32397945,6,18
1081031	ID:19	CH,19,275,4,48598092,6,18
1081121	ID:17	CH,17,1471,12,48598330,2,18
1081196	ID:13	CL,13,625,10,16198460,2,18
1081219	ID:21	CH,21,1028,5,48597903,6,18
1081258	ID:23	CH,23,575,5,48598106,6,18
1081341	ID:3	CW,3,881,7,32398479,3,18
1082807	ID:1	S,1,0,1,32399060,8,2,8,164
1083807	ID:1	S,1,0,1,32399059,8,18,8,165
1086308	ID:1	S,1,0,1,32399056,8,21,8,166
1088309	ID:1	S,1,0,1,32399054,8,19,8,167
1088429	ID:1	S,1,0,1,32399054,8,5,8,168
1088683	ID:1	S,1,0,1,32399053,8,12,8,169
1088933	ID:1	S,1,0,1,32399053,8,13,8,170
1089433	ID:1	S,1,0,1,32399052,8,15,8,171
1089808	ID:1	S,1,0,1,32399052,8,20,8,172
1089821	ID:1	S,1,0,1,32399052,8,3,8,173
1090562	ID:1	S,1,0,1,32399050,8,6,8,174
1090805	ID:1	S,1,0,1,32399050,8,25,8,175
1091055	ID:1	S,1,0,1,32399050,8,17,8,176
1091183	ID:1	S,1,0,1,32399050,8,14,8,177
1140385	ID:8	CL,8,772,4,16197409,6,19
1140388	ID:24	CH,24,863,7,48598279,3,19
1140503	ID:11	CL,11,617,3,16197732,6,19
1140548	ID:2	CW,2,651,5,32398163,5,19
1140557	ID:1	S,1,0,1,32399024,8,11,9,178
1140562	ID:6	CW,6,606,10,32398933,2,19
1140660	ID:4	CW,4,1310,6,32398288,6,19
1140713	ID:7	CW,7,1123,7,32398355,3,19
1140762	ID:14	CH,14,1305,10,48598229,2,19
1140771	ID:18	CH,18,714,3,48597712,6,19
1140774	ID:15	CH,15,981,9,48598380,2,19
1140779	ID:25	CH,25,909,11,48598227,2,19
1140784	ID:20	CH,20,629,10,48598374,2,19
1140785	ID:16	CH,16,1783,10,48598222,3,19
1140868	ID:10	CL,10,805,7,16197909,5,19
1140906	ID:12	CL,12,999,8,16197760,5,19
1140975	ID:22	CH,22,903,10,48598340,2,19
1141021	ID:9	CL,9,1133,7,16197323,5,19
1141031	ID:19	CH,19,324,4,48598026,6,19
1141121	ID:17	CH,17,1426,12,48598269,2,19
1141157	ID:5	CW,5,657,3,32397848,6,19
1141196	ID:13	CL,13,651,10,16198364,2,19
1141211	ID:3	CW,3,853,7,32398423,3,19
1141219	ID:21	CH,21,1050,5,48597794,6,19
1141257	ID:23	CH,23,773,6,48598010,6,19
1143931	ID:1	S,1,0,1,32399018,8,12,9,179
1144180	ID:1	S,1,0,1,32399018,8,23,9,180
1144556	ID:1	S,1,0,1,32399017,8,7,9,181
1144683	ID:1	S,1,0,1,32399017,8,8,9,182
1145933	ID:1	S,1,0,1,32399014,8,5,9,183
1146056	ID:1	S,1,0,1,32399014,8,18,9,184
1147308	ID:1	S,1,0,1,32399011,8,21,9,185
1147556	ID:1	S,1,0,1,32399011,8,10,9,186
1147683	ID:1	S,1,0,1,32399011,8,16,9,187
1147805	ID:1	S,1,0,1,32399011,8,3,9,188
1149181	ID:1	S,1,0,1,32399008,8,17,9,189
1200347	ID:24	CH,24,1184,8,48598172,3,20
1200385	ID:8	CL,8,819,4,16197264,6,20
1200503	ID:11	CL,11,725,3,16197624,6,20
1200548	ID:2	CW,2,601,6,32398110,5,20
1200557	ID:1	S,1,0,1,32398978,8,11,0,190
1200562	ID:6	CW,6,571,10,32398897,2,20
1200660	ID:4	CW,4,1435,6,32398220,6,20
1200713	ID:7	CW,7,1113,7,32398274,3,20
1200762	ID:14	CH,14,1430,11,48598157,2,20
1200771	ID:18	CH,18,794,4,48597579,6,20
1200774	ID:15	CH,15,1138,10,48598315,2,20
1200779	ID:25	CH,25,1074,11,48598146,2,20
1200784	ID:20	CH,20,822,10,48598308,2,20
1200785	ID:16	CH,16,1681,9,48598166,3,20
1200868	ID:10	CL,10,723,7,16197829,5,20
1200906	ID:12	CL,12,1087,8,16197678,5,20
1200975	ID:22	CH,22,1068,10,48598252,2,20
1201020	ID:9	CL,9,1083,7,16197241,5,20
1201027	ID:5	CW,5,698,3,32397767,6,20
1201031	ID:19	CH,19,1063,5,48597881,6,20
1201121	ID:17	CH,17,1385,12,48598209,2,20
1201196	ID:13	CL,13,637,10,16198314,2,20
1201211	ID:3	CW,3,895,7,32398365,3,20
1201219	ID:21	CH,21,917,4,48597700,6,20
1201258	ID:23	CH,23,823,6,48597912,6,20
1203056	ID:1	S,1,0,1,32398974,8,19,0,191
1205431	ID:1	S,1,0,1,32398970,8,2,0,192
1205558	ID:1	S,1,0,1,32398970,8,7,0,193
1205683	ID:1	S,1,0,1,32398970,8,18,0,194
1205933	ID:1	S,1,0,1,32398970,8,12,0,195
1205946	ID:1	S,1,0,1,32398970,8,5,0,196
1206809	ID:1	S,1,0,1,32398969,8,8,0,197
1207932	ID:1	S,1,0,1,32398966,8,20,0,198
1209558	ID:1	S,1,0,1,32398964,8,6,0,199
1210431	ID:1	S,1,0,1,32398963,8,23,0,200
1210683	ID:1	S,1,0,1,32398963,8,9,0,201
1210932	ID:1	S,1,0,1,32398963,8,17,0,202
1211558	ID:1	S,1,0,1,32398962,8,22,0,203
1260347	ID:24	CH,24,1058,8,48598110,3,21
1260385	ID:8	CL,8,771,4,16197176,6,21
1260503	ID:11	CL,11,592,3,16197445,6,21
1260548	ID:2	CW,2,566,6,32398054,5,21
1260557	ID:1	S,1,0,1,32398933,8,11,1,204
1260562	ID:6	CW,6,641,10,32398839,2,21
1260660	ID:4	CW,4,688,5,32398113,6,21
1260713	ID:7	CW,7,1019,6,32398211,3,21
1260762	ID:14	CH,14,1543,11,48598090,2,21
1260771	ID:18	CH,18,1013,4,48597462,6,21
1260774	ID:15	CH,15,1280,10,48598245,2,21
1260779	ID:25	CH,25,972,11,48598003,2,21
1260784	ID:20	CH,20,867,11,48598230,2,21
1260785	ID:16	CH,16,1768,10,48598090,3,21
1260869	ID:10	CL,10,906,8,16197743,5,21
1260906	ID:12	CL,12,979,7,16197603,5,21
1260975	ID:22	CH,22,620,10,48598148,2,21
1261020	ID:9	CL,9,871,6,16197119,5,21
1261031	ID:19	CH,19,1059,5,48597820,6,21
1261033	ID:5	CW,5,778,4,32397651,6,21
1261121	ID:17	CH,17,1323,11,48598155,2,21
1261196	ID:13	CL,13,829,11,16198248,2,21
1261211	ID:3	CW,3,1057,8,32398281,3,21
1261219	ID:21	CH,21,1081,5,48597613,6,21
1261258	ID:23	CH,23,868,6,48597826,6,21
1263181	ID:1	S,1,0,1,32398929,8,8,1,205
1263558	ID:1	S,1,0,1,32398928,8,23,1,206
1264309	ID:1	S,1,0,1,32398927,8,2,1,207
1265058	ID:1	S,1,0,1,32398925,8,5,1,208
